% Entrées des données
A = [2.5 7.5 1 0 0; 0.125 0.125 0 1 0; 17.5 10 0 0 1];
b = [240; 5; 595];
c = [65 115 0 0 0];
eps = 0.1;

gabasov